101000000
101001000
101001001
101001010
101001011
101001100
101001101
101001110
101001111
101110001
110100000
101011000
010111000
000101111
000101111
000101111
110000000
101011001
101011101
010110001
101001010
101001011
101001100
110000001
001111001
101010110
000100000
000100000
000100000
001010111
001011000
101011010
100010000
101010110
000010000
000100000
000100000
000100000
001010111
001011000
101011010
100010000
101010110
000010000
000010000
000100000
000100000
000100000
001010111
001011000
101011010
100010000
101010110
000010000
000010000
000010000
000100000
000100000
000100000
001010111
001011000
101011010
100010000
110000001
001101000
100100001
100000010
110000001
001111101
001101000
100100001
110100010
101011100
011101100
101000000
101001000
101001001
101001010
101001011
101001100
101001101
101001110
101001111
101110010
110100000
101011000
010111000
000101111
000101111
000101111
110000000
101011001
101011101
010110001
101001010
101001011
101001100
110000001
001111001
101010110
000100000
000100000
000100000
001010111
001011000
101011010
100110000
110000001
001111101
101010110
000010000
000100000
000100000
000100000
001010111
001011000
101011010
100110001
110000001
001111101
101010110
000010000
000010000
000100000
000100000
000100000
001010111
001011000
101011010
100110010
110000001
001111101
101010110
000010000
000010000
000010000
000100000
000100000
000100000
001010111
001011000
101011010
100110011
110000001
001111101
110000001
001101000
100100100
110100001
101011100
011101100
101000000
101001000
101001001
101001010
101001011
101001100
101001101
101001110
101001111
110100000
101011000
010111000
000101111
000101111
000101111
110000000
101011001
101011100
101001010
101001011
101110011
010101001
110000001
001111001
010110001
101010101
000100000
000100000
000100000
001010111
001011000
101011010
100110000
110000001
001111100
101010101
000010000
000100000
000100000
000100000
001010111
001011000
101011010
100110001
110000001
001111100
101010101
000010000
000010000
000100000
000100000
000100000
001010111
001011000
101011010
100110010
110000001
001111100
101010101
000010000
000010000
000010000
000100000
000100000
000100000
001010111
001011000
101011010
100110011
110000001
001111100
101110100
110000001
001101000
100000000
001111000
101010101
000010000
000010000
000010000
000010000
000100000
000100000
000100000
101011010
101010110
000100000
000100000
000100000
000100000
000100000
000100000
000100000
001000010
001010111
001011000
101011010
100110001
110000001
001111100
101010101
000010000
000010000
000010000
000010000
000010000
000100000
000100000
000100000
101011011
101010110
000100000
000100000
000100000
000100000
000100000
000100000
001000011
001010111
001011000
101011010
100110010
110000001
001111100
101010101
000010000
000010000
000010000
000010000
000010000
000010000
000100000
000100000
000100000
101011011
101010110
000100000
000100000
000100000
000100000
000100000
001000011
001010111
001011000
101011010
100110011
110000001
001111100
101010101
000010000
000010000
000010000
000010000
000010000
000010000
000010000
000100000
000100000
000100000
101011011
101010110
000100000
000100000
000100000
000100000
001000011
001010111
001011000
101011010
100110100
110000001
001111100
110000001
001101000
100100101
110100011
101011011
011100011
101101000