101000000
101001000
101001001
101001010
101001011
101001100
101001101
101001110
101001111
101110101
110001111
101011000
110011110
101011001
010111001
010101001
110000001
001111001
010110001
010100001
101010110
000101110
000101110
000101110
000101110
000101110
000100000
000010000
000010000
000010000
000010000
000101111
000101111
000101111
000101111
000101111
000011111
001001111
101010101
000010000
000010000
000010000
000010000
000100000
000100000
000100000
000100000
000100000
000100000
000100000
001001111
111001010
101011010
011000010
111001011
101011010
011001010
101000000
101001000
101001001
101001010
101001011
110111100
101011000
010000000
101010000
000110100
001100000
101011011
110111101
101011000
010000000
110111110
101011001
010001001
101010000
000110100
001100000
101011000
101010001
000110101
001100000
001010000
000011011
001001011
110111111
101011000
010000000
111000000
101011001
010001001
101010000
000110100
001100000
101011000
101010001
000110101
001100000
001010000
000011011
001001011
111000001
101011000
010000000
111000010
101011001
010001001
101010000
000110100
001100000
101011000
101010001
000110101
001100000
001010000
000011011
001001011
101010100
001100000
101011000
101010101
000100000
001100000
001010000
101011000
000011011
001001011
101000000
101001000
101001001
101001010
111000011
101011000
010000000
101010000
000110100
001011000
001001010
000011010
111000100
101011000
010000000
101010000
000110101
001011000
001001010
000011010
111000101
101011000
010000000
101010000
000110101
001011000
001001010
000011010
111000110
101011000
010000000
101010000
000110101
001011000
001001010
000011010
111000111
101011000
010000000
101010000
000110101
001011000
001001010
101000000
101001000
101001001
101010011
001010010
001011000
101011000
100000001
101000000
101001000
101001001
111000011
101011000
010000000
101010000
000110011
101011001
101010000
000110010
001010001
101011000
100100010
111001000
101011000
010000000
101010000
001001110
100100001
101000000
101001000
101001001
000101010
000101011
101010011
001010010
101011010
101011011
111000011
101011001
010001001
101010001
000110010
001111000
000101010
101010001
000110010
001111000
000101010
101010001
000110010
001111000
000101010
101010001
000110010
001111000
110000001
001101000
100000011
101000000
101001000
101001001
101001010
101010011
101100000
101011001
001100000
101011000
100100100
101010001
000010000
000100000
001010110
101011110
100000011
101010001
001010111
101011111
111001001
101011000
010000000
101010000
001001110
111001010
101011000
010000000
111001011
101011001
010001001
110000001
001101000
110011111
001101001
011111001
110000001
001111001
011110001
110011111
001111001
100100000
101101000