101000000
101001000
101001001
101001010
101001011
101001100
101001101
101001110
101001111
101110000
110010000
101011000
110000000
101011001
010111001
110000001
001111001
010110001
101010111
000011110
000011110
000011110
000011110
000011110
000100000
000100000
000100000
000100000
000010000
001001110
110000001
001111001
110000001
000110111
000101111
000011111
000011111
000011111
000011111
000011111
000010000
000010000
000010000
001001111
101010110
001100000
001001110
101010110
000100000
000100000
000100000
000100000
001100000
101011010
101010111
000100000
000100000
000100000
000100000
001100000
001010010
000010000
000010000
000010000
000010000
001001111
101001010
110111100
101011010
010011010
101010011
000110110
001100000
101011100
110111101
101011010
010011010
101010011
000110111
001100000
001010100
000010000
000010000
001001111
110111110
101011010
010011010
101010011
000110110
001100000
101011100
110111111
101011010
010011010
101010011
000110111
001100000
001010100
000010000
001001111
101010110
001100000
101011010
101010111
001100000
001010010
001001111
110011110
001110001
101011101
110000010
001101101
011111101
110000001
001111101
011110101
001101000
101001010
101001011
101001100
101001101
101001110
101001111
100100000
101101000